15,3
1,14,2,3
14,6
1,14,4,5
3,4,5
1,3,4,6
1,14,15
1,3,6
14,4
14,4,6
14,15,3
1,2,4,5,6
1,2,3,4,6
1,5,6
1,2,3,6
1,2,3
14,2,6
6
2,3,5
1,15,2
1,14,3
1,4,5
14,3,5
3,5,6
1,2,3,4
15,2,5
14,2,3,5
2,3,4,5
14,2,4,6
3,5
1,14,3,4
1,4,5,6
4
14,2
1,3,4
1,14,3,6
15,5
14
1,3
14,15,5
1,14,5
2
1,14,2,4,5
1,14,15,2
1,2,5,6
14,2,4
1,2,5
1,5
1,14,5,6
2,4
1,15
4,6
2,6
1,14,2,3,4
1,14,2,5,6
1,15,4
2,4,6
1,14,2,5
1,2,4,5
14,2,4,5
1,14,4
4,5
2,3,6
1,2,6
14,5,6
1
2,5,6
1,4,6
1,14
14,3,6
1,15,5
1,14,15,5
15,4
1,15,2,5
2,4,5
1,2
1,14,2,3,5
2,3
4,5,6
1,2,3,5
2,4,5,6
1,3,4,5
1,2,4,6
1,14,2,4,6
1,4
14,4,5
2,5
3,6
5,6
14,15,2
2,3,4,6
14,2,5,6
14,15
1,6
3,4
14,2,5
15,2
1,14,3,5
1,14,6
2,3,4
1,2,4
1,15,3
1,14,2
15
14,3,4
5
14,5
1,14,15,3
1,14,2,4
1,14,4,6
14,3
3,4,6
1,2,3,4,5
14,2,3,4
1,3,5,6
1,3,5
1,14,2,6
3
14,2,3
